34,34
34,33
35,32
35,31
34,32
34,31
34,30
35,30
35,29
35,28
34,29
34,28
35,27
35,26
35,25
35,24
25,7
25,6
35,23
35,22
35,21
35,20
34,27
33,341
33,340
33,339
33,338
33,337
0,445
0,444
0,441
0,437
33,336
33,335
33,334
33,333
33,332
33,331
33,330
33,329
33,328
33,327
33,326
33,325
33,324
33,323
33,322
33,321
33,320
35,19
0,410
0,409
0,408
0,402
0,401
0,399
0,398
0,397
0,396
0,395
0,394
0,393
0,392
0,391
0,390
0,389
0,387
0,386
0,385
0,471
0,470
0,469
0,468
0,467
0,466
0,465
0,464
0,463
0,462
0,456
0,452
0,451
0,450
0,319
0,315
0,314
33,260
33,259
33,258
33,257
33,256
33,95
33,94
33,93
33,92
33,91
33,90
33,89
33,88
33,87
33,86
33,85
33,84
33,83
33,82
33,81
0,313
0,312
0,308
0,306
0,304
0,302
0,575
0,435
33,80
33,79
33,78
33,77
33,76
33,75
33,74
33,73
33,72
33,71
33,70
33,69
33,68
33,67
33,66
33,65
33,64
33,191
33,190
33,189
33,188
33,187
33,186
33,185
33,184
33,183
33,182
33,181
33,180
0,574
0,573
0,572
0,562
0,557
80,35
3,2
3,1
3,3
10,101
10,159
10,29
10,275
10,125
10,135
10,81
10,251
11,23
11,9
11,5
11,26
11,22
11,14
11,7
9,5
8,10
8,14
8,5
8,13
8,15
8,2
8,3
0,318
12,2
18,1
18,3
14,4
14,3
13,1
13,3
2,2
2,1
2,3
41,1
41,0
40,5
40,4
40,3
40,2
